[[[-0.86, -0.45, 0.26],
[-0.86, -0.48, 0.26],
[-0.86, -0.44, 0.26],
[-0.85, -0.45, 0.27],
[-0.85, -0.46, 0.25],
[-0.76, -0.38, 0.27],
[-0.57, -0.86, 1.18],
[-1.1, -1.17, 0.04],
[-1.22, -0.84, -0.05],
[-1.32, -0.64, -0.17],
[-1.05, -0.24, 0.05],
[-0.88, -0.08, 0.44],
[-0.74, -0.33, 0.7],
[-0.96, -0.65, 0.73],
[-1.07, -0.93, 0.6],
[-1.26, -0.88, 0.21],
[-1.22, -0.63, -0.08],
[-1.02, -0.34, -0.06],
[-0.75, -0.36, 0.51],
[-0.78, -0.49, 0.45],
[-0.83, -0.46, 0.32],
[-0.84, -0.48, 0.35],
[-0.84, -0.48, 0.35],
[-0.83, -0.45, 0.35],
[-0.82, -0.44, 0.35],
[-0.84, -0.44, 0.31],
[-0.85, -0.43, 0.29],
[-0.85, -0.46, 0.36],
[-0.84, -0.46, 0.32],
[-0.84, -0.44, 0.33],
[-0.85, -0.44, 0.34]]
,
[[-0.79, -0.57, 0.26],
[-0.8, -0.57, 0.26],
[-0.79, -0.58, 0.24],
[-0.79, -0.56, 0.25],
[-0.8, -0.58, 0.25],
[-0.8, -0.56, 0.25],
[-0.77, -0.57, 0.25],
[-0.42, -0.76, 0.55],
[-0.74, -1.29, 0.44],
[-1.24, -1.18, -0.01],
[-1.28, -0.47, -0.17],
[-1.02, -0.21, -0.03],
[-0.78, -0.3, 0.14],
[-0.64, -0.56, 0.7],
[-0.7, -0.47, 0.8],
[-0.85, -0.49, 0.86],
[-1.07, -1.15, 0.33],
[-1.29, -0.94, 0.09],
[-1.14, -0.36, -0.17],
[-0.85, -0.31, 0.02],
[-0.76, -0.51, 0.24],
[-0.76, -0.69, 0.29],
[-0.81, -0.6, 0.16],
[-0.8, -0.61, 0.18],
[-0.81, -0.6, 0.17],
[-0.81, -0.54, 0.17],
[-0.82, -0.59, 0.15],
[-0.82, -0.61, 0.15],
[-0.81, -0.57, 0.15],
[-0.81, -0.58, 0.16],
[-0.81, -0.58, 0.14]]
,
[[-0.72, -0.61, 0.39],
[-0.73, -0.57, 0.4],
[-0.72, -0.61, 0.39],
[-0.72, -0.59, 0.4],
[-0.74, -0.62, 0.38],
[-0.58, -0.57, 0.49],
[-0.5, -1.1, 1.01],
[-0.98, -1.06, 0.25],
[-0.87, -0.81, 0.07],
[-0.74, -1.15, 0.13],
[-0.65, -0.44, 0.31],
[-0.41, -0.37, 0.6],
[-0.32, -0.52, 0.7],
[-0.41, -0.41, 0.68],
[-0.56, -0.6, 0.75],
[-0.62, -0.72, 1.09],
[-0.77, -0.76, 0.73],
[-0.91, -0.73, 0.49],
[-0.92, -0.72, 0.37],
[-0.79, -0.45, 0.36],
[-0.63, -0.33, 0.63],
[-0.58, -0.48, 0.7],
[-0.61, -0.49, 0.65],
[-0.61, -0.46, 0.67],
[-0.59, -0.51, 0.67],
[-0.61, -0.5, 0.66],
[-0.61, -0.52, 0.65],
[-0.61, -0.48, 0.65],
[-0.6, -0.51, 0.65],
[-0.61, -0.5, 0.64],
[-0.62, -0.49, 0.64]]
,
[[-0.62, -0.47, 0.62],
[-0.64, -0.51, 0.63],
[-0.64, -0.5, 0.62],
[-0.63, -0.48, 0.62],
[-0.61, -0.5, 0.62],
[-0.45, -0.37, 0.86],
[-0.49, -0.89, 1.15],
[-0.73, -0.91, 0.67],
[-0.69, -0.82, 0.38],
[-0.56, -0.95, 0.47],
[-0.46, -0.63, 0.46],
[-0.33, -0.57, 0.36],
[-0.3, -0.55, 0.61],
[-0.42, -0.26, 0.69],
[-0.46, -0.57, 0.81],
[-0.63, -0.68, 0.77],
[-0.76, -0.86, 0.71],
[-0.88, -0.78, 0.45],
[-0.94, -0.83, 0.33],
[-0.9, -0.67, 0.17],
[-0.75, -0.62, 0.32],
[-0.67, -0.64, 0.45],
[-0.66, -0.62, 0.44],
[-0.67, -0.62, 0.4],
[-0.69, -0.69, 0.39],
[-0.69, -0.64, 0.4],
[-0.68, -0.66, 0.41],
[-0.67, -0.64, 0.4],
[-0.68, -0.66, 0.38],
[-0.67, -0.67, 0.37],
[-0.68, -0.64, 0.37]]
,
[[-0.7, -0.64, 0.34],
[-0.71, -0.63, 0.36],
[-0.7, -0.65, 0.36],
[-0.7, -0.62, 0.36],
[-0.7, -0.63, 0.35],
[-0.72, -0.61, 0.34],
[-0.66, -0.59, 0.45],
[-0.63, -1.14, 0.82],
[-0.73, -0.96, 0.34],
[-0.71, -0.99, 0.04],
[-0.77, -0.82, 0.14],
[-0.7, -0.5, 0.24],
[-0.58, -0.22, 0.51],
[-0.43, -0.41, 0.71],
[-0.54, -0.38, 0.66],
[-0.68, -0.48, 0.77],
[-0.81, -0.77, 0.61],
[-1.05, -0.97, 0.39],
[-1.08, -0.8, 0.19],
[-0.97, -0.47, 0.1],
[-0.83, -0.45, 0.33],
[-0.73, -0.47, 0.42],
[-0.7, -0.58, 0.39],
[-0.71, -0.59, 0.42],
[-0.71, -0.66, 0.39],
[-0.69, -0.61, 0.4],
[-0.67, -0.64, 0.4],
[-0.7, -0.63, 0.37],
[-0.7, -0.62, 0.38],
[-0.7, -0.64, 0.39],
[-0.71, -0.58, 0.38]]
,
[[-0.73, -0.6, 0.35],
[-0.72, -0.61, 0.36],
[-0.71, -0.59, 0.38],
[-0.71, -0.6, 0.38],
[-0.68, -0.59, 0.41],
[-0.57, -0.89, 0.65],
[-0.79, -1.5, 0.23],
[-1.07, -0.88, -0.15],
[-0.89, -0.62, 0.02],
[-0.73, -0.37, 0.26],
[-0.54, -0.48, 0.43],
[-0.42, -0.78, 0.56],
[-0.45, -0.76, 0.42],
[-0.65, -0.82, 0.34],
[-0.84, -0.94, 0.13],
[-1.06, -0.93, -0.07],
[-1.08, -0.65, -0.15],
[-0.88, -0.34, -0.01],
[-0.75, -0.6, 0.17],
[-0.74, -0.69, 0.22],
[-0.72, -0.69, 0.2],
[-0.72, -0.69, 0.19],
[-0.74, -0.67, 0.19],
[-0.74, -0.65, 0.21],
[-0.74, -0.63, 0.19],
[-0.76, -0.65, 0.17],
[-0.76, -0.68, 0.18],
[-0.76, -0.61, 0.18],
[-0.77, -0.63, 0.15],
[-0.78, -0.64, 0.16],
[-0.78, -0.58, 0.18]]
,
[[-0.82, -0.56, 0.17],
[-0.82, -0.55, 0.18],
[-0.82, -0.56, 0.18],
[-0.83, -0.55, 0.18],
[-0.83, -0.54, 0.18],
[-0.78, -0.48, 0.25],
[-0.7, -0.9, 0.46],
[-0.91, -1.34, 0.1],
[-1.11, -0.9, -0.22],
[-1.05, -0.69, -0.04],
[-0.95, -0.47, 0.12],
[-0.71, -0.21, 0.54],
[-0.5, -0.45, 0.63],
[-0.56, -0.84, 0.69],
[-0.78, -0.67, 0.57],
[-1.0, -0.74, 0.41],
[-1.17, -0.83, 0.05],
[-1.2, -0.4, -0.05],
[-0.96, -0.2, 0.03],
[-0.83, -0.42, 0.28],
[-0.78, -0.55, 0.36],
[-0.77, -0.55, 0.3],
[-0.8, -0.53, 0.3],
[-0.8, -0.55, 0.28],
[-0.8, -0.6, 0.3],
[-0.8, -0.55, 0.28],
[-0.81, -0.53, 0.29],
[-0.8, -0.54, 0.29],
[-0.8, -0.55, 0.28],
[-0.8, -0.57, 0.27],
[-0.84, -0.55, 0.27]]
,
[[-0.83, -0.52, 0.27],
[-0.81, -0.53, 0.28],
[-0.81, -0.52, 0.3],
[-0.82, -0.5, 0.29],
[-0.8, -0.52, 0.29],
[-0.67, -0.48, 0.43],
[-0.75, -0.87, 0.71],
[-1.08, -0.95, 0.22],
[-1.08, -0.66, 0.03],
[-0.97, -0.54, 0.11],
[-0.82, -0.44, 0.29],
[-0.66, -0.43, 0.48],
[-0.55, -0.39, 0.62],
[-0.62, -0.54, 0.55],
[-0.65, -0.59, 0.47],
[-0.85, -0.75, 0.51],
[-1.05, -1.06, 0.31],
[-1.1, -0.83, 0.04],
[-0.94, -0.36, 0.01],
[-0.78, -0.37, 0.17],
[-0.73, -0.63, 0.26],
[-0.73, -0.66, 0.33],
[-0.7, -0.65, 0.33],
[-0.71, -0.64, 0.35],
[-0.73, -0.62, 0.34],
[-0.74, -0.61, 0.31],
[-0.74, -0.62, 0.34],
[-0.74, -0.59, 0.32],
[-0.75, -0.62, 0.31],
[-0.75, -0.63, 0.32],
[-0.75, -0.57, 0.32]]
,
[[-0.81, -0.53, 0.3],
[-0.8, -0.55, 0.31],
[-0.8, -0.56, 0.31],
[-0.8, -0.52, 0.31],
[-0.8, -0.52, 0.31],
[-0.77, -0.43, 0.33],
[-0.75, -0.45, 0.54],
[-0.98, -0.86, 0.46],
[-1.15, -0.94, 0.09],
[-1.25, -0.62, -0.02],
[-1.22, -0.24, 0.12],
[-1.08, -0.08, 0.25],
[-0.73, -0.45, 0.97],
[-0.64, -0.33, 0.57],
[-0.82, -0.46, 0.53],
[-1.0, -0.75, 0.53],
[-1.2, -0.82, 0.29],
[-1.39, -0.3, -0.07],
[-1.1, -0.09, -0.02],
[-0.88, -0.2, 0.28],
[-0.8, -0.43, 0.34],
[-0.8, -0.49, 0.37],
[-0.81, -0.5, 0.31],
[-0.83, -0.51, 0.28],
[-0.83, -0.49, 0.31],
[-0.84, -0.49, 0.29],
[-0.82, -0.47, 0.31],
[-0.82, -0.5, 0.29],
[-0.83, -0.51, 0.28],
[-0.83, -0.48, 0.29],
[-0.83, -0.49, 0.31]]
,
[[-0.84, -0.47, 0.27],
[-0.84, -0.5, 0.3],
[-0.86, -0.51, 0.25],
[-0.83, -0.47, 0.28],
[-0.83, -0.43, 0.31],
[-0.79, -0.44, 0.34],
[-0.61, -0.68, 0.69],
[-0.93, -1.02, 0.43],
[-1.12, -1.13, 0.11],
[-1.16, -0.8, 0.11],
[-1.03, -0.45, 0.11],
[-0.89, -0.14, 0.41],
[-0.62, -0.09, 0.64],
[-0.54, -0.32, 0.74],
[-0.73, -0.19, 0.95],
[-0.79, -0.74, 0.79],
[-1.11, -0.57, 0.74],
[-1.27, -0.69, 0.22],
[-1.06, -0.15, 0.01],
[-0.92, -0.32, 0.2],
[-0.82, -0.46, 0.46],
[-0.8, -0.45, 0.46],
[-0.79, -0.46, 0.42],
[-0.77, -0.44, 0.33],
[-0.81, -0.56, 0.43],
[-0.82, -0.5, 0.37],
[-0.83, -0.49, 0.38],
[-0.81, -0.44, 0.35],
[-0.79, -0.49, 0.36],
[-0.81, -0.5, 0.37],
[-0.82, -0.48, 0.34]]
,
[[-0.81, -0.47, 0.35],
[-0.86, -0.49, 0.32],
[-0.84, -0.49, 0.31],
[-0.82, -0.43, 0.33],
[-0.84, -0.45, 0.34],
[-0.77, -0.39, 0.42],
[-0.78, -0.63, 0.93],
[-1.08, -1.2, 0.29],
[-0.97, -0.89, 0.1],
[-1.04, -0.87, -0.1],
[-1.03, -0.38, 0.22],
[-0.86, -0.14, 0.55],
[-0.65, -0.27, 0.57],
[-0.56, -0.54, 0.77],
[-0.61, -0.7, 0.56],
[-0.84, -1.0, 0.56],
[-1.11, -0.94, 0.23],
[-1.15, -0.78, -0.19],
[-0.94, -0.31, -0.05],
[-0.79, -0.5, 0.22],
[-0.74, -0.61, 0.33],
[-0.71, -0.65, 0.27],
[-0.73, -0.66, 0.27],
[-0.75, -0.64, 0.29],
[-0.77, -0.61, 0.27],
[-0.77, -0.63, 0.26],
[-0.76, -0.6, 0.25],
[-0.77, -0.6, 0.23],
[-0.76, -0.6, 0.25],
[-0.77, -0.61, 0.25],
[-0.77, -0.6, 0.25]]
,
[[-0.8, -0.56, 0.25],
[-0.82, -0.6, 0.24],
[-0.79, -0.55, 0.25],
[-0.78, -0.57, 0.26],
[-0.79, -0.52, 0.27],
[-0.63, -0.42, 0.85],
[-0.81, -1.06, 0.57],
[-1.13, -1.04, 0.26],
[-1.07, -0.77, 0.06],
[-0.85, -0.63, 0.08],
[-0.8, -0.42, 0.16],
[-0.72, -0.38, 0.42],
[-0.62, -0.41, 0.56],
[-0.54, -0.44, 0.62],
[-0.65, -0.39, 0.62],
[-0.84, -0.77, 0.59],
[-1.03, -0.86, 0.44],
[-1.17, -0.89, 0.13],
[-1.06, -0.4, -0.08],
[-0.93, -0.32, 0.11],
[-0.86, -0.45, 0.25],
[-0.82, -0.46, 0.31],
[-0.8, -0.48, 0.29],
[-0.8, -0.51, 0.31],
[-0.82, -0.51, 0.28],
[-0.83, -0.58, 0.25],
[-0.82, -0.5, 0.28],
[-0.81, -0.51, 0.29],
[-0.79, -0.55, 0.27],
[-0.81, -0.52, 0.29],
[-0.82, -0.51, 0.26]]
,
[[-0.76, -0.51, 0.43],
[-0.76, -0.5, 0.45],
[-0.76, -0.5, 0.45],
[-0.77, -0.49, 0.45],
[-0.78, -0.47, 0.45],
[-0.75, -0.48, 0.43],
[-0.51, -0.45, 0.52],
[-0.55, -0.8, 1.15],
[-1.03, -1.04, 0.36],
[-0.99, -0.75, 0.31],
[-0.92, -0.81, 0.47],
[-0.89, -0.49, 0.41],
[-0.77, -0.38, 0.51],
[-0.62, -0.27, 0.56],
[-0.48, -0.47, 0.84],
[-0.7, -0.51, 0.8],
[-0.8, -1.11, 0.99],
[-1.08, -1.0, 0.48],
[-1.17, -0.58, 0.01],
[-1.03, -0.31, 0.06],
[-0.82, -0.48, 0.32],
[-0.76, -0.48, 0.41],
[-0.74, -0.55, 0.41],
[-0.77, -0.52, 0.37],
[-0.78, -0.53, 0.38],
[-0.78, -0.57, 0.35],
[-0.78, -0.56, 0.36],
[-0.78, -0.53, 0.35],
[-0.79, -0.52, 0.35],
[-0.78, -0.53, 0.36],
[-0.79, -0.52, 0.35]]
,
[[-0.81, -0.52, 0.32],
[-0.8, -0.53, 0.34],
[-0.8, -0.5, 0.33],
[-0.81, -0.52, 0.33],
[-0.81, -0.52, 0.32],
[-0.78, -0.49, 0.34],
[-0.69, -0.45, 0.42],
[-0.65, -0.83, 0.73],
[-1.09, -1.2, 0.02],
[-1.19, -1.0, -0.05],
[-1.19, -0.59, -0.01],
[-0.99, -0.24, 0.15],
[-0.72, 0.06, 0.59],
[-0.56, -0.3, 0.74],
[-0.7, -0.69, 0.8],
[-0.93, -1.21, 0.91],
[-1.16, -1.09, 0.33],
[-1.15, -0.77, -0.14],
[-0.95, -0.28, 0.08],
[-0.75, -0.45, 0.35],
[-0.7, -0.67, 0.33],
[-0.69, -0.66, 0.32],
[-0.73, -0.62, 0.26],
[-0.76, -0.69, 0.25],
[-0.75, -0.64, 0.27],
[-0.74, -0.62, 0.27],
[-0.75, -0.61, 0.26],
[-0.74, -0.65, 0.27],
[-0.75, -0.63, 0.27],
[-0.75, -0.62, 0.27],
[-0.76, -0.6, 0.26]]
,
[[-0.77, -0.61, 0.24],
[-0.76, -0.62, 0.25],
[-0.75, -0.56, 0.25],
[-0.78, -0.61, 0.26],
[-0.8, -0.62, 0.24],
[-0.77, -0.55, 0.28],
[-0.71, -0.43, 0.47],
[-0.89, -1.09, 0.58],
[-1.14, -1.13, 0.18],
[-1.23, -0.67, -0.11],
[-1.17, -0.55, 0.02],
[-0.87, -0.31, 0.26],
[-0.47, -0.23, 0.5],
[-0.3, -0.35, 0.75],
[-0.43, -0.69, 0.84],
[-0.67, -0.95, 0.64],
[-0.94, -1.05, 0.39],
[-1.05, -1.24, 0.14],
[-0.95, -0.74, 0.02],
[-0.73, -0.42, 0.24],
[-0.61, -0.61, 0.47],
[-0.59, -0.74, 0.37],
[-0.59, -0.73, 0.35],
[-0.61, -0.77, 0.35],
[-0.61, -0.74, 0.36],
[-0.62, -0.72, 0.31],
[-0.59, -0.75, 0.36],
[-0.63, -0.72, 0.34],
[-0.62, -0.75, 0.35],
[-0.62, -0.74, 0.35],
[-0.64, -0.7, 0.33]]
,
[[-0.66, -0.67, 0.34],
[-0.68, -0.69, 0.34],
[-0.69, -0.7, 0.32],
[-0.68, -0.68, 0.34],
[-0.67, -0.66, 0.33],
[-0.68, -0.67, 0.33],
[-0.63, -0.59, 0.41],
[-0.57, -0.99, 0.41],
[-0.92, -1.67, -0.04],
[-1.07, -0.71, -0.14],
[-0.88, -0.3, -0.04],
[-0.78, -0.38, 0.2],
[-0.63, -0.24, 0.53],
[-0.6, -0.45, 0.71],
[-0.76, -0.75, 0.68],
[-0.91, -0.79, 0.41],
[-1.12, -0.9, 0.2],
[-1.07, -0.66, 0.05],
[-0.87, -0.44, 0.18],
[-0.78, -0.48, 0.28],
[-0.73, -0.65, 0.35],
[-0.67, -0.67, 0.34],
[-0.67, -0.7, 0.33],
[-0.68, -0.69, 0.33],
[-0.69, -0.68, 0.3],
[-0.71, -0.68, 0.29],
[-0.69, -0.68, 0.31],
[-0.68, -0.67, 0.31],
[-0.7, -0.69, 0.3],
[-0.71, -0.71, 0.27],
[-0.7, -0.67, 0.28]]
,
[[-0.8, -0.32, 0.53],
[-0.8, -0.31, 0.52],
[-0.82, -0.32, 0.51],
[-0.81, -0.32, 0.52],
[-0.82, -0.27, 0.52],
[-0.81, -0.29, 0.51],
[-0.82, -0.26, 0.49],
[-0.76, -0.2, 0.55],
[-0.72, -0.25, 0.79],
[-0.88, -0.75, 0.81],
[-0.98, -0.76, 0.47],
[-1.28, -0.67, 0.15],
[-1.24, -0.25, 0.08],
[-0.98, 0.03, 0.33],
[-0.74, 0.07, 0.57],
[-0.84, 0.06, 0.64],
[-0.96, -0.33, 0.97],
[-1.29, -1.03, 0.64],
[-1.33, -0.57, 0.05],
[-1.07, -0.01, 0.1],
[-0.85, -0.2, 0.51],
[-0.79, -0.35, 0.61],
[-0.8, -0.27, 0.5],
[-0.79, -0.33, 0.52],
[-0.78, -0.34, 0.46],
[-0.8, -0.37, 0.51],
[-0.81, -0.38, 0.51],
[-0.8, -0.35, 0.49],
[-0.8, -0.37, 0.5],
[-0.81, -0.34, 0.49],
[-0.79, -0.39, 0.51]]
,
[[-0.81, -0.36, 0.48],
[-0.82, -0.35, 0.49],
[-0.82, -0.36, 0.49],
[-0.8, -0.38, 0.49],
[-0.8, -0.36, 0.49],
[-0.78, -0.32, 0.5],
[-0.56, -0.26, 0.79],
[-0.78, -0.88, 0.88],
[-0.96, -0.8, 0.68],
[-1.0, -0.76, 0.39],
[-0.88, -0.65, 0.33],
[-0.67, -0.52, 0.27],
[-0.48, -0.43, 0.38],
[-0.39, -0.28, 0.58],
[-0.4, -0.3, 0.66],
[-0.56, -0.55, 0.79],
[-0.9, -0.69, 0.75],
[-1.08, -0.94, 0.7],
[-1.1, -0.84, 0.14],
[-1.0, -0.31, 0.1],
[-0.85, -0.4, 0.47],
[-0.8, -0.45, 0.47],
[-0.79, -0.45, 0.42],
[-0.78, -0.48, 0.43],
[-0.79, -0.44, 0.47],
[-0.79, -0.45, 0.44],
[-0.79, -0.48, 0.43],
[-0.79, -0.48, 0.42],
[-0.79, -0.48, 0.43],
[-0.77, -0.51, 0.41],
[-0.79, -0.47, 0.43]]
,
[[-0.79, -0.49, 0.4],
[-0.78, -0.5, 0.4],
[-0.78, -0.51, 0.41],
[-0.77, -0.51, 0.41],
[-0.79, -0.5, 0.39],
[-0.74, -0.44, 0.43],
[-0.63, -0.62, 0.97],
[-0.78, -1.1, 0.63],
[-0.89, -1.13, 0.2],
[-0.96, -0.92, 0.05],
[-0.77, -0.51, 0.13],
[-0.64, -0.48, 0.21],
[-0.48, -0.54, 0.33],
[-0.38, -0.51, 0.48],
[-0.36, -0.75, 0.61],
[-0.54, -1.1, 0.56],
[-0.81, -1.0, 0.44],
[-1.08, -1.31, 0.12],
[-1.11, -0.66, -0.15],
[-0.89, -0.31, -0.03],
[-0.83, -0.6, 0.13],
[-0.77, -0.67, 0.19],
[-0.71, -0.66, 0.19],
[-0.7, -0.65, 0.2],
[-0.75, -0.66, 0.15],
[-0.77, -0.66, 0.15],
[-0.77, -0.65, 0.16],
[-0.77, -0.63, 0.14],
[-0.76, -0.63, 0.15],
[-0.79, -0.63, 0.13],
[-0.77, -0.64, 0.16]]
,
[[-0.79, -0.6, 0.13],
[-0.79, -0.62, 0.15],
[-0.78, -0.63, 0.13],
[-0.79, -0.63, 0.14],
[-0.76, -0.54, 0.16],
[-0.7, -0.6, 0.36],
[-0.75, -1.2, 0.59],
[-0.98, -1.31, 0.05],
[-1.06, -0.81, -0.42],
[-0.91, -0.54, -0.1],
[-0.67, -0.45, 0.07],
[-0.57, -0.54, 0.32],
[-0.39, -0.63, 0.56],
[-0.37, -0.68, 0.68],
[-0.58, -0.68, 0.61],
[-0.85, -0.94, 0.37],
[-1.0, -1.02, 0.14],
[-1.1, -0.88, -0.06],
[-0.98, -0.51, -0.06],
[-0.78, -0.5, 0.15],
[-0.74, -0.63, 0.29],
[-0.73, -0.64, 0.25],
[-0.71, -0.69, 0.25],
[-0.72, -0.76, 0.25],
[-0.72, -0.65, 0.23],
[-0.73, -0.66, 0.25],
[-0.74, -0.63, 0.23],
[-0.74, -0.68, 0.22],
[-0.74, -0.66, 0.23],
[-0.71, -0.75, 0.23],
[-0.74, -0.61, 0.21]]
,
[[-0.76, -0.61, 0.21],
[-0.76, -0.64, 0.21],
[-0.77, -0.65, 0.22],
[-0.76, -0.6, 0.23],
[-0.77, -0.57, 0.22],
[-0.73, -0.49, 0.23],
[-0.62, -0.63, 1.01],
[-1.1, -1.39, 0.52],
[-1.23, -0.86, 0.09],
[-1.01, -0.6, -0.16],
[-0.9, -0.33, 0.07],
[-0.83, -0.45, 0.23],
[-0.63, -0.52, 0.52],
[-0.54, -0.33, 0.65],
[-0.54, -0.43, 0.55],
[-0.62, -0.67, 0.46],
[-0.64, -1.01, 0.57],
[-0.8, -0.89, 0.51],
[-1.1, -1.16, 0.12],
[-1.04, -0.72, -0.07],
[-0.86, -0.3, 0.19],
[-0.77, -0.56, 0.27],
[-0.73, -0.59, 0.24],
[-0.73, -0.59, 0.29],
[-0.74, -0.66, 0.24],
[-0.74, -0.71, 0.25],
[-0.76, -0.61, 0.27],
[-0.78, -0.58, 0.23],
[-0.78, -0.63, 0.25],
[-0.76, -0.62, 0.23],
[-0.77, -0.62, 0.21]]
,
[[-0.88, -0.38, 0.22],
[-0.91, -0.42, 0.2],
[-0.95, -0.41, 0.17],
[-0.91, -0.34, 0.21],
[-0.9, -0.33, 0.21],
[-0.85, -0.25, 0.27],
[-0.95, -0.39, 0.43],
[-1.04, -0.55, 0.53],
[-1.23, -0.81, 0.26],
[-1.21, -0.64, -0.03],
[-1.12, -0.35, -0.09],
[-1.08, -0.24, -0.0],
[-1.01, -0.33, 0.09],
[-0.84, 0.02, 0.55],
[-0.72, -0.31, 0.59],
[-0.98, -0.15, 0.6],
[-1.22, -0.75, 0.6],
[-1.29, -0.75, 0.33],
[-1.37, -0.3, 0.02],
[-1.26, -0.27, -0.12],
[-0.96, -0.21, 0.17],
[-0.82, -0.41, 0.39],
[-0.8, -0.51, 0.24],
[-0.81, -0.45, 0.23],
[-0.81, -0.55, 0.23],
[-0.83, -0.53, 0.22],
[-0.85, -0.49, 0.21],
[-0.84, -0.54, 0.18],
[-0.84, -0.51, 0.22],
[-0.85, -0.52, 0.22],
[-0.84, -0.52, 0.21]]
,
[[-0.86, -0.49, 0.2],
[-0.87, -0.47, 0.18],
[-0.86, -0.5, 0.2],
[-0.86, -0.48, 0.19],
[-0.85, -0.44, 0.21],
[-0.8, -0.41, 0.25],
[-0.79, -0.75, 0.62],
[-1.1, -1.21, 0.22],
[-1.23, -0.83, -0.06],
[-1.14, -0.6, -0.19],
[-1.0, -0.35, -0.06],
[-0.72, -0.34, 0.29],
[-0.56, -0.38, 0.46],
[-0.43, -0.82, 0.73],
[-0.54, -0.73, 0.66],
[-0.8, -0.74, 0.48],
[-1.07, -0.87, 0.19],
[-1.11, -0.51, -0.11],
[-1.01, -0.56, -0.06],
[-0.92, -0.38, 0.17],
[-0.89, -0.42, 0.3],
[-0.87, -0.43, 0.21],
[-0.87, -0.38, 0.23],
[-0.89, -0.44, 0.19],
[-0.88, -0.42, 0.25],
[-0.91, -0.4, 0.21],
[-0.89, -0.42, 0.22],
[-0.88, -0.41, 0.23],
[-0.88, -0.42, 0.22],
[-0.9, -0.41, 0.2],
[-0.89, -0.43, 0.19]]
,
[[-0.9, -0.42, 0.2],
[-0.89, -0.39, 0.2],
[-0.88, -0.37, 0.21],
[-0.85, -0.32, 0.29],
[-0.74, -0.65, 0.57],
[-1.1, -1.01, 0.16],
[-1.27, -0.86, -0.05],
[-1.07, -0.38, 0.05],
[-0.91, -0.28, 0.03],
[-0.81, -0.32, 0.18],
[-0.68, -0.28, 0.31],
[-0.63, -0.28, 0.49],
[-0.75, -0.61, 0.68],
[-1.05, -0.64, 0.52],
[-1.24, -0.57, 0.24],
[-1.2, -0.52, 0.03],
[-1.22, -0.37, 0.0],
[-0.98, -0.19, 0.15],
[-0.84, -0.22, 0.32],
[-0.82, -0.41, 0.34],
[-0.81, -0.42, 0.26],
[-0.83, -0.55, 0.3],
[-0.85, -0.47, 0.26],
[-0.86, -0.48, 0.27],
[-0.86, -0.43, 0.25],
[-0.86, -0.46, 0.26],
[-0.87, -0.5, 0.24],
[-0.86, -0.45, 0.25],
[-0.84, -0.46, 0.27],
[-0.86, -0.45, 0.25],
[-0.87, -0.47, 0.26]]
,
[[-0.88, -0.48, 0.22],
[-0.87, -0.45, 0.22],
[-0.87, -0.46, 0.24],
[-0.89, -0.43, 0.2],
[-0.88, -0.42, 0.23],
[-0.82, -0.37, 0.27],
[-0.79, -0.56, 0.53],
[-0.98, -1.02, 0.31],
[-1.0, -0.83, 0.12],
[-1.06, -0.59, -0.31],
[-1.06, -0.22, -0.02],
[-0.98, -0.21, 0.24],
[-0.81, -0.34, 0.4],
[-0.75, -0.48, 0.45],
[-0.85, -0.42, 0.61],
[-0.98, -0.69, 0.29],
[-1.06, -0.84, -0.04],
[-1.23, -0.68, -0.21],
[-1.08, -0.12, -0.13],
[-0.89, -0.34, 0.13],
[-0.84, -0.55, 0.26],
[-0.81, -0.58, 0.24],
[-0.81, -0.54, 0.2],
[-0.81, -0.54, 0.17],
[-0.85, -0.46, 0.19],
[-0.87, -0.52, 0.16],
[-0.84, -0.53, 0.17],
[-0.81, -0.54, 0.2],
[-0.83, -0.53, 0.19],
[-0.84, -0.54, 0.19],
[-0.83, -0.54, 0.19]]
,
[[-0.85, -0.5, 0.15],
[-0.84, -0.46, 0.14],
[-0.87, -0.49, 0.14],
[-0.87, -0.55, 0.14],
[-0.88, -0.52, 0.12],
[-0.86, -0.48, 0.14],
[-0.73, -0.26, 0.19],
[-0.76, -0.49, 0.89],
[-1.26, -0.97, 0.28],
[-1.26, -0.67, 0.02],
[-1.08, -0.36, 0.04],
[-1.06, -0.23, 0.09],
[-1.04, -0.22, 0.34],
[-0.98, -0.18, 0.41],
[-0.85, -0.11, 0.44],
[-0.71, -0.11, 0.7],
[-0.76, -0.06, 0.6],
[-0.86, -0.41, 0.77],
[-0.98, -0.46, 0.54],
[-1.12, -0.8, 0.27],
[-1.3, -0.5, -0.05],
[-1.1, -0.15, 0.05],
[-0.95, -0.24, 0.39],
[-0.86, -0.44, 0.35],
[-0.79, -0.45, 0.37],
[-0.81, -0.43, 0.32],
[-0.85, -0.46, 0.33],
[-0.86, -0.5, 0.29],
[-0.84, -0.46, 0.3],
[-0.85, -0.4, 0.31],
[-0.88, -0.46, 0.27]]
,
[[-0.86, -0.44, 0.27],
[-0.87, -0.42, 0.26],
[-0.87, -0.47, 0.26],
[-0.85, -0.42, 0.27],
[-0.86, -0.43, 0.28],
[-0.84, -0.39, 0.39],
[-0.72, -0.75, 0.58],
[-1.02, -0.88, 0.12],
[-1.14, -0.67, -0.15],
[-1.15, -0.31, -0.08],
[-1.01, -0.12, 0.21],
[-0.81, 0.04, 0.62],
[-0.73, -0.37, 0.63],
[-0.76, -0.7, 0.77],
[-0.9, -0.95, 0.42],
[-1.18, -0.77, 0.11],
[-1.02, -0.39, -0.1],
[-0.91, -0.25, 0.51],
[-0.87, -0.27, 0.31],
[-0.88, -0.45, 0.24],
[-0.84, -0.45, 0.34],
[-0.88, -0.45, 0.28],
[-0.87, -0.38, 0.32],
[-0.86, -0.45, 0.32],
[-0.88, -0.43, 0.28],
[-0.87, -0.41, 0.27],
[-0.87, -0.42, 0.27],
[-0.88, -0.43, 0.29],
[-0.85, -0.49, 0.3],
[-0.86, -0.41, 0.29],
[-0.86, -0.41, 0.28]]
,
[[-0.9, -0.4, 0.26],
[-0.91, -0.41, 0.26],
[-0.89, -0.37, 0.26],
[-0.89, -0.36, 0.28],
[-0.88, -0.39, 0.26],
[-0.85, -0.34, 0.31],
[-0.78, -0.21, 0.42],
[-1.03, -0.6, 0.52],
[-1.21, -0.63, 0.17],
[-1.11, -0.33, -0.16],
[-1.12, -0.11, -0.11],
[-1.16, 0.1, 0.07],
[-1.0, 0.36, 0.45],
[-0.81, 0.04, 0.89],
[-0.72, -0.06, 0.9],
[-0.89, -0.38, 0.92],
[-1.29, -0.75, 0.69],
[-1.4, -0.31, 0.21],
[-0.98, 0.16, 0.24],
[-0.75, 0.09, 0.67],
[-0.76, -0.22, 0.66],
[-0.76, -0.38, 0.68],
[-0.76, -0.23, 0.57],
[-0.76, -0.2, 0.59],
[-0.78, -0.24, 0.61],
[-0.81, -0.27, 0.56],
[-0.8, -0.25, 0.6],
[-0.77, -0.23, 0.58],
[-0.77, -0.26, 0.57],
[-0.79, -0.24, 0.59],
[-0.8, -0.23, 0.57]]
,
[[-0.81, -0.24, 0.56],
[-0.8, -0.27, 0.55],
[-0.82, -0.24, 0.56],
[-0.82, -0.29, 0.56],
[-0.8, -0.24, 0.54],
[-0.77, -0.23, 0.48],
[-0.7, 0.1, 0.37],
[-0.75, -0.48, 1.36],
[-1.33, -0.81, 0.47],
[-1.36, -0.71, 0.19],
[-1.41, -0.4, 0.06],
[-1.31, 0.07, 0.23],
[-1.08, 0.36, 0.55],
[-0.9, 0.25, 0.78],
[-0.96, -0.39, 1.02],
[-1.36, -1.08, 0.71],
[-1.55, -0.84, 0.23],
[-1.44, -0.25, -0.08],
[-1.07, 0.11, 0.1],
[-0.81, -0.16, 0.69],
[-0.78, -0.42, 0.46],
[-0.79, -0.51, 0.31],
[-0.83, -0.5, 0.32],
[-0.87, -0.45, 0.23],
[-0.88, -0.45, 0.27],
[-0.89, -0.45, 0.3],
[-0.88, -0.4, 0.27],
[-0.86, -0.43, 0.3],
[-0.87, -0.43, 0.3],
[-0.87, -0.41, 0.29],
[-0.88, -0.42, 0.27]]
,
[[-0.88, -0.38, 0.26],
[-0.89, -0.41, 0.27],
[-0.88, -0.4, 0.26],
[-0.87, -0.38, 0.3],
[-0.93, -0.37, 0.26],
[-0.88, -0.34, 0.28],
[-0.73, -0.15, 0.66],
[-1.14, -0.79, 0.71],
[-1.4, -1.09, -0.06],
[-1.32, -0.54, -0.11],
[-1.27, -0.23, 0.25],
[-1.09, 0.04, 0.49],
[-0.78, 0.27, 0.78],
[-0.64, -0.17, 1.08],
[-0.87, -0.62, 1.16],
[-1.05, -1.17, 0.75],
[-1.32, -0.77, 0.29],
[-1.02, -0.19, 0.11],
[-0.76, -0.18, 0.61],
[-0.66, -0.45, 0.66],
[-0.69, -0.49, 0.57],
[-0.71, -0.45, 0.52],
[-0.72, -0.46, 0.55],
[-0.73, -0.45, 0.55],
[-0.73, -0.47, 0.54],
[-0.73, -0.48, 0.49],
[-0.72, -0.45, 0.55],
[-0.73, -0.44, 0.54],
[-0.72, -0.47, 0.56],
[-0.71, -0.5, 0.56],
[-0.71, -0.46, 0.54]]
,
[[-0.75, -0.42, 0.49],
[-0.77, -0.45, 0.51],
[-0.78, -0.47, 0.51],
[-0.77, -0.41, 0.48],
[-0.75, -0.37, 0.49],
[-0.73, -0.07, 0.59],
[-0.71, -1.03, 0.92],
[-1.05, -1.24, 0.32],
[-1.23, -0.88, -0.06],
[-1.37, -0.47, -0.08],
[-1.2, 0.11, 0.32],
[-0.79, 0.19, 0.8],
[-0.7, -0.07, 0.95],
[-0.97, -0.68, 0.83],
[-1.29, -1.0, 0.4],
[-1.41, -0.65, 0.1],
[-1.22, -0.36, 0.04],
[-0.97, -0.11, 0.26],
[-0.82, -0.36, 0.38],
[-0.76, -0.4, 0.44],
[-0.77, -0.46, 0.39],
[-0.76, -0.55, 0.3],
[-0.79, -0.55, 0.27],
[-0.81, -0.6, 0.23],
[-0.81, -0.55, 0.25],
[-0.81, -0.56, 0.28],
[-0.81, -0.56, 0.26],
[-0.81, -0.53, 0.24],
[-0.81, -0.54, 0.29],
[-0.81, -0.54, 0.27],
[-0.83, -0.5, 0.25]]
,
[[-0.82, -0.41, 0.34],
[-0.86, -0.44, 0.27],
[-0.87, -0.46, 0.3],
[-0.84, -0.43, 0.33],
[-0.84, -0.4, 0.45],
[-0.92, -0.78, 0.4],
[-1.2, -0.96, -0.18],
[-1.31, -0.34, -0.16],
[-1.09, 0.14, 0.29],
[-0.87, -0.14, 0.48],
[-0.82, -0.33, 0.59],
[-0.71, -0.47, 0.68],
[-0.88, -0.7, 0.49],
[-1.15, -0.95, 0.24],
[-1.42, -0.64, 0.11],
[-1.26, -0.35, 0.1],
[-1.09, -0.22, 0.22],
[-0.87, -0.14, 0.47],
[-0.67, -0.42, 0.58],
[-0.64, -0.62, 0.53],
[-0.78, -0.68, 0.28],
[-0.81, -0.61, 0.18],
[-0.79, -0.57, 0.25],
[-0.81, -0.53, 0.24],
[-0.8, -0.61, 0.19],
[-0.78, -0.57, 0.23],
[-0.78, -0.58, 0.23],
[-0.8, -0.57, 0.23],
[-0.82, -0.58, 0.21],
[-0.8, -0.55, 0.21],
[-0.78, -0.57, 0.27]]
,
[[-0.78, -0.58, 0.29],
[-0.79, -0.58, 0.26],
[-0.8, -0.57, 0.25],
[-0.79, -0.55, 0.27],
[-0.78, -0.52, 0.28],
[-0.75, -0.4, 0.29],
[-0.61, -0.21, 0.95],
[-1.01, -0.66, 0.81],
[-1.28, -1.16, 0.45],
[-1.22, -0.97, 0.07],
[-1.35, -0.26, 0.1],
[-1.41, -0.15, 0.35],
[-1.07, -0.03, 0.81],
[-0.76, 0.22, 0.63],
[-0.67, -0.02, 0.78],
[-0.71, -0.33, 1.36],
[-0.92, -1.27, 1.29],
[-1.4, -1.06, 0.65],
[-1.43, -0.58, 0.09],
[-1.07, -0.25, 0.11],
[-0.84, -0.22, 0.51],
[-0.58, -0.5, 1.1],
[-0.49, -0.41, 0.77],
[-0.59, -0.54, 0.58],
[-0.67, -0.63, 0.45],
[-0.68, -0.63, 0.48],
[-0.67, -0.59, 0.48],
[-0.63, -0.64, 0.47],
[-0.65, -0.58, 0.49],
[-0.66, -0.61, 0.47],
[-0.68, -0.59, 0.49]]
,
[[-0.66, -0.6, 0.52],
[-0.66, -0.59, 0.52],
[-0.67, -0.51, 0.48],
[-0.65, -0.54, 0.52],
[-0.64, -0.49, 0.62],
[-0.51, -0.6, 0.74],
[-0.84, -1.66, 0.09],
[-1.6, -1.41, -0.03],
[-1.48, 0.22, 0.22],
[-0.84, 0.22, 0.71],
[-0.62, -0.21, 0.93],
[-0.89, -0.49, 0.9],
[-1.11, -0.88, 0.66],
[-1.25, -0.81, 0.16],
[-1.19, -0.56, 0.6],
[-1.25, -0.46, 0.15],
[-1.33, -0.09, 0.03],
[-1.01, -0.01, 0.44],
[-0.6, -0.35, 1.27],
[-0.68, -0.68, 0.44],
[-0.82, -0.73, 0.29],
[-0.83, -0.55, 0.13],
[-0.85, -0.57, 0.19],
[-0.85, -0.48, 0.21],
[-0.83, -0.39, 0.18],
[-0.88, -0.53, 0.18],
[-0.9, -0.52, 0.16],
[-0.88, -0.42, 0.19],
[-0.88, -0.45, 0.21],
[-0.87, -0.4, 0.2],
[-0.88, -0.46, 0.16]]
,
[[-0.89, -0.47, 0.19],
[-0.89, -0.42, 0.2],
[-0.87, -0.43, 0.21],
[-0.88, -0.46, 0.2],
[-0.89, -0.44, 0.18],
[-0.88, -0.43, 0.18],
[-0.78, -0.22, 0.22],
[-0.55, -0.58, 1.07],
[-1.14, -1.17, 0.45],
[-1.46, -1.04, 0.05],
[-1.53, -0.44, -0.49],
[-1.63, -0.21, 0.13],
[-1.39, 0.1, 0.64],
[-0.82, 0.23, 0.79],
[-0.83, -0.13, 0.8],
[-1.02, -1.08, 1.04],
[-1.32, -1.1, 0.41],
[-1.34, -0.42, 0.24],
[-1.32, -0.22, -0.16],
[-1.14, -0.33, 0.1],
[-1.0, -0.12, 0.36],
[-0.85, -0.26, 0.55],
[-0.75, -0.47, 0.57],
[-0.79, -0.52, 0.31],
[-0.88, -0.59, 0.11],
[-0.86, -0.58, 0.24],
[-0.85, -0.45, 0.21],
[-0.85, -0.48, 0.19],
[-0.86, -0.45, 0.18],
[-0.86, -0.46, 0.21],
[-0.89, -0.47, 0.22]]
,
[[-0.66, 0.89, 0.04],
[-0.97, 0.16, 0.37],
[-0.95, 0.1, 0.27],
[-0.85, 0.33, 0.37],
[-0.78, 0.43, 0.49],
[-0.79, 0.28, 0.53],
[-0.78, 0.31, 0.55],
[-0.78, 0.31, 0.56],
[-0.79, 0.29, 0.54],
[-0.77, 0.26, 0.55],
[-0.78, 0.28, 0.6],
[-0.81, 0.26, 0.56],
[-0.79, 0.25, 0.54],
[-0.78, 0.3, 0.55],
[-0.81, 0.26, 0.54],
[-0.81, 0.24, 0.53],
[-0.81, 0.25, 0.55],
[-0.81, 0.25, 0.53],
[-0.8, 0.26, 0.55],
[-0.81, 0.25, 0.55],
[-0.81, 0.25, 0.54],
[-0.81, 0.25, 0.53],
[-0.81, 0.26, 0.54],
[-0.81, 0.26, 0.55],
[-0.8, 0.25, 0.53],
[-0.8, 0.25, 0.54],
[-0.81, 0.27, 0.54],
[-0.81, 0.25, 0.55],
[-0.8, 0.25, 0.54],
[-0.8, 0.25, 0.51],
[-0.8, 0.28, 0.54]]
,
[[-0.87, 0.16, 0.47],
[-0.86, 0.16, 0.52],
[-0.85, 0.15, 0.53],
[-0.85, 0.16, 0.52],
[-0.84, 0.15, 0.55],
[-0.83, 0.13, 0.48],
[-0.63, 0.63, 0.54],
[-0.74, 0.43, 1.1],
[-1.18, -0.13, 0.95],
[-1.19, -0.54, 0.7],
[-1.27, -0.19, 0.51],
[-1.14, -0.01, 0.26],
[-0.81, 0.44, 0.14],
[-0.74, 0.53, 0.41],
[-0.8, 0.59, 0.53],
[-0.96, 0.66, 0.63],
[-1.23, 0.31, 1.01],
[-1.22, 0.22, 0.64],
[-1.21, -0.23, 0.36],
[-1.09, -0.53, 0.54],
[-0.84, 0.32, 0.37],
[-0.82, 0.34, 0.37],
[-0.82, 0.25, 0.51],
[-0.8, 0.21, 0.55],
[-0.81, 0.24, 0.56],
[-0.81, 0.26, 0.57],
[-0.81, 0.26, 0.53],
[-0.81, 0.25, 0.51],
[-0.81, 0.24, 0.54],
[-0.8, 0.23, 0.56],
[-0.8, 0.26, 0.53]]
,
[[-0.89, 0.3, 0.38],
[-0.88, 0.3, 0.34],
[-0.88, 0.3, 0.35],
[-0.86, 0.29, 0.38],
[-0.7, 0.33, 0.37],
[-0.86, 1.11, 0.58],
[-1.4, -0.01, 0.93],
[-1.33, -0.28, 0.37],
[-1.12, 0.07, 0.31],
[-0.96, 0.05, 0.37],
[-0.86, 0.03, 0.45],
[-0.74, 0.16, 0.36],
[-0.67, 0.26, 0.63],
[-0.73, 0.27, 0.69],
[-1.04, 0.43, 0.84],
[-1.23, 0.54, 0.92],
[-1.29, 0.05, 0.65],
[-1.24, -0.42, 0.44],
[-0.96, 0.13, 0.17],
[-0.84, 0.3, 0.37],
[-0.81, 0.26, 0.47],
[-0.8, 0.32, 0.49],
[-0.81, 0.29, 0.49],
[-0.83, 0.27, 0.5],
[-0.84, 0.28, 0.5],
[-0.82, 0.28, 0.52],
[-0.81, 0.29, 0.51],
[-0.82, 0.26, 0.47],
[-0.83, 0.26, 0.52],
[-0.83, 0.26, 0.51],
[-0.82, 0.27, 0.48]]
,
[[-0.83, 0.27, 0.48],
[-0.84, 0.24, 0.46],
[-0.86, 0.25, 0.45],
[-0.86, 0.25, 0.46],
[-0.84, 0.25, 0.45],
[-0.79, 0.29, 0.42],
[-0.77, 0.58, 0.25],
[-1.22, 0.61, 1.01],
[-1.34, -0.32, 0.77],
[-1.27, -0.25, 0.35],
[-1.2, 0.01, 0.15],
[-0.87, 0.3, 0.26],
[-0.74, 0.27, 0.49],
[-0.79, -0.02, 0.53],
[-0.92, -0.06, 0.62],
[-0.8, 0.35, 0.76],
[-0.88, 0.31, 0.71],
[-0.9, 0.52, 0.85],
[-0.93, 0.28, 0.68],
[-1.13, -0.12, 0.71],
[-1.1, -0.08, 0.32],
[-0.94, 0.07, 0.28],
[-0.87, 0.25, 0.48],
[-0.82, 0.3, 0.49],
[-0.8, 0.33, 0.47],
[-0.84, 0.25, 0.45],
[-0.88, 0.23, 0.47],
[-0.87, 0.26, 0.47],
[-0.86, 0.24, 0.43],
[-0.86, 0.25, 0.46],
[-0.87, 0.25, 0.43]]
,
[[-0.9, 0.24, 0.32],
[-0.92, 0.24, 0.32],
[-0.91, 0.24, 0.32],
[-0.91, 0.25, 0.32],
[-0.91, 0.24, 0.31],
[-0.84, 0.32, 0.29],
[-0.84, 0.83, 0.99],
[-1.27, -0.17, 1.02],
[-1.21, -0.41, 0.37],
[-1.2, -0.38, 0.43],
[-1.21, -0.01, 0.63],
[-0.84, 0.44, 0.29],
[-0.7, 0.38, 0.36],
[-0.85, 0.25, 0.39],
[-0.9, 0.51, 0.73],
[-1.12, 0.34, 0.91],
[-1.26, 0.04, 0.7],
[-1.24, -0.24, 0.55],
[-1.02, -0.08, 0.23],
[-0.85, 0.19, 0.34],
[-0.83, 0.27, 0.43],
[-0.85, 0.23, 0.49],
[-0.86, 0.21, 0.47],
[-0.86, 0.18, 0.49],
[-0.86, 0.21, 0.46],
[-0.87, 0.23, 0.43],
[-0.87, 0.22, 0.46],
[-0.88, 0.2, 0.45],
[-0.88, 0.2, 0.41],
[-0.87, 0.22, 0.42],
[-0.87, 0.2, 0.45]]
,
[[-0.81, 0.21, 0.4],
[-0.81, 0.16, 0.4],
[-0.83, 0.4, 0.57],
[-0.96, 0.31, 0.74],
[-1.1, -0.09, 1.29],
[-1.32, -0.51, 0.55],
[-1.58, -0.5, 0.94],
[-0.97, 0.14, 0.27],
[-0.73, 0.4, 0.46],
[-0.63, 0.14, 0.63],
[-0.61, 0.4, 0.55],
[-0.96, 0.76, 0.7],
[-1.06, 0.68, 0.97],
[-1.02, 0.31, 0.47],
[-1.08, 0.05, 0.42],
[-0.99, 0.18, 0.53],
[-0.99, 0.13, 0.21],
[-0.86, 0.47, 0.4],
[-0.85, 0.3, 0.38],
[-0.86, 0.27, 0.41],
[-0.85, 0.28, 0.38],
[-0.87, 0.24, 0.45],
[-0.88, 0.26, 0.43],
[-0.88, 0.26, 0.41],
[-0.84, 0.27, 0.41],
[-0.86, 0.26, 0.45],
[-0.88, 0.24, 0.45],
[-0.88, 0.25, 0.39],
[-0.87, 0.24, 0.43],
[-0.86, 0.24, 0.4],
[-0.86, 0.26, 0.41]]
,
[[-0.85, 0.26, 0.32],
[-0.84, 0.27, 0.4],
[-0.87, 0.27, 0.36],
[-1.01, 0.25, 0.43],
[-0.89, 0.3, 0.31],
[-0.8, 0.31, 0.23],
[-1.03, 0.18, 1.16],
[-1.3, -0.08, 1.24],
[-1.75, -0.68, 0.45],
[-1.67, -0.07, 0.77],
[-1.0, 0.82, -0.12],
[-0.6, 0.86, 0.28],
[-0.81, 0.91, 0.53],
[-1.22, 1.15, 0.35],
[-1.08, 0.22, 0.86],
[-1.27, -0.37, 0.7],
[-1.19, -0.27, 0.21],
[-0.91, 0.3, 0.25],
[-0.78, 0.34, 0.47],
[-0.77, 0.33, 0.53],
[-0.78, 0.33, 0.49],
[-0.86, 0.19, 0.49],
[-0.89, 0.19, 0.62],
[-0.84, 0.24, 0.42],
[-0.78, 0.34, 0.45],
[-0.83, 0.29, 0.43],
[-0.92, 0.22, 0.49],
[-0.9, 0.2, 0.41],
[-0.79, 0.29, 0.45],
[-0.79, 0.29, 0.48],
[-0.88, 0.19, 0.43]]
,
[[-0.9, 0.17, 0.31],
[-0.82, 0.19, 0.35],
[-0.79, 0.33, 0.29],
[-0.91, 0.63, 0.57],
[-1.27, 0.1, 0.97],
[-1.21, -0.13, 0.74],
[-2.0, -1.12, 0.22],
[-1.76, 1.05, -0.32],
[-1.09, 1.18, -0.32],
[-0.89, 0.75, 0.14],
[-1.11, 0.64, 0.48],
[-1.21, 1.06, 0.67],
[-1.21, 0.3, 0.19],
[-1.31, -0.37, -0.1],
[-1.06, -0.17, 0.31],
[-1.01, 0.31, 0.2],
[-0.9, 0.43, 0.32],
[-0.91, 0.19, 0.27],
[-0.89, 0.21, 0.39],
[-0.89, 0.22, 0.45],
[-0.89, 0.24, 0.41],
[-0.91, 0.24, 0.35],
[-0.9, 0.21, 0.36],
[-0.9, 0.22, 0.39],
[-0.9, 0.23, 0.36],
[-0.91, 0.18, 0.4],
[-0.89, 0.22, 0.3],
[-0.88, 0.24, 0.34],
[-0.94, 0.17, 0.37],
[-0.95, 0.22, 0.36],
[-0.89, 0.24, 0.3]]
,
[[-0.99, 0.15, 0.16],
[-0.94, 0.2, 0.11],
[-0.94, 0.2, 0.11],
[-1.0, 0.13, 0.16],
[-0.98, 0.12, 0.16],
[-0.87, 0.23, 0.05],
[-0.98, 0.98, 0.49],
[-1.57, -0.09, 0.46],
[-1.34, -0.33, 0.14],
[-1.54, -0.57, 0.5],
[-1.25, 0.29, 0.19],
[-1.1, 0.6, 0.08],
[-0.91, 0.59, 0.04],
[-0.82, 0.55, 0.25],
[-1.04, 0.44, 0.43],
[-1.26, 0.55, 0.53],
[-1.3, -0.15, 0.47],
[-1.2, -0.21, 0.14],
[-1.1, -0.03, -0.02],
[-0.85, 0.67, 0.32],
[-0.89, 0.32, 0.29],
[-0.86, 0.34, 0.31],
[-0.87, 0.38, 0.33],
[-0.89, 0.28, 0.34],
[-0.89, 0.28, 0.31],
[-0.9, 0.3, 0.29],
[-0.91, 0.33, 0.3],
[-0.9, 0.31, 0.33],
[-0.89, 0.3, 0.3],
[-0.91, 0.32, 0.31],
[-0.92, 0.25, 0.23]]
,
[[-0.91, 0.32, 0.23],
[-0.92, 0.31, 0.19],
[-0.92, 0.32, 0.21],
[-0.93, 0.3, 0.22],
[-0.91, 0.33, 0.22],
[-0.84, 0.28, 0.09],
[-0.65, 1.32, 0.66],
[-1.59, -0.28, 1.04],
[-1.43, -0.05, 0.26],
[-1.27, -0.17, 0.16],
[-1.27, -0.07, 0.7],
[-1.07, 0.25, 0.4],
[-0.93, 0.5, 0.33],
[-1.03, 0.58, 0.32],
[-1.03, 0.57, 0.39],
[-1.23, 0.25, 0.65],
[-1.16, 0.16, 0.43],
[-1.38, -0.2, 0.3],
[-1.16, -0.02, 0.1],
[-0.92, 0.35, 0.21],
[-0.82, 0.54, 0.33],
[-0.89, 0.25, 0.29],
[-0.89, 0.29, 0.31],
[-0.89, 0.28, 0.36],
[-0.89, 0.31, 0.36],
[-0.9, 0.27, 0.35],
[-0.89, 0.27, 0.31],
[-0.9, 0.3, 0.31],
[-0.88, 0.3, 0.34],
[-0.91, 0.28, 0.32],
[-0.91, 0.27, 0.31]]
,
[[-0.9, 0.3, 0.26],
[-0.9, 0.31, 0.27],
[-0.9, 0.3, 0.28],
[-0.92, 0.31, 0.26],
[-0.89, 0.33, 0.2],
[-0.87, 1.09, 1.13],
[-1.17, 0.24, 0.62],
[-1.07, -0.02, 0.27],
[-1.4, -0.4, 0.42],
[-1.31, -0.02, 0.62],
[-1.06, 0.51, 0.2],
[-0.73, 0.54, 0.12],
[-0.69, 0.84, 0.75],
[-1.04, 1.24, 0.64],
[-1.28, 1.12, 1.07],
[-1.28, 0.38, 0.68],
[-1.24, -0.1, 0.32],
[-1.06, -0.09, 0.15],
[-0.83, 0.45, 0.36],
[-0.82, 0.35, 0.44],
[-0.8, 0.29, 0.49],
[-0.79, 0.34, 0.49],
[-0.82, 0.3, 0.53],
[-0.84, 0.28, 0.52],
[-0.83, 0.3, 0.43],
[-0.83, 0.3, 0.48],
[-0.84, 0.28, 0.45],
[-0.81, 0.29, 0.47],
[-0.84, 0.32, 0.49],
[-0.83, 0.29, 0.46],
[-0.83, 0.31, 0.46]]
,
[[-0.93, 0.28, 0.24],
[-0.91, 0.29, 0.22],
[-0.9, 0.32, 0.19],
[-0.92, 0.36, 0.11],
[-0.92, 0.33, 0.21],
[-0.93, 0.68, 0.03],
[-1.35, 0.58, 1.18],
[-1.64, -0.35, 0.13],
[-1.69, -0.68, -0.47],
[-1.55, -0.03, -0.13],
[-1.26, 0.49, -0.02],
[-0.86, 0.92, 0.49],
[-0.91, 0.63, 0.35],
[-1.25, 0.93, 0.29],
[-1.7, 0.23, 1.16],
[-1.21, 0.21, -0.54],
[-1.29, -0.04, 0.35],
[-1.0, 0.16, 0.03],
[-0.7, 0.69, 0.31],
[-0.78, 0.41, 0.48],
[-0.81, 0.29, 0.45],
[-0.85, 0.3, 0.49],
[-0.83, 0.29, 0.46],
[-0.83, 0.31, 0.46],
[-0.84, 0.28, 0.49],
[-0.83, 0.3, 0.38],
[-0.85, 0.29, 0.42],
[-0.85, 0.28, 0.43],
[-0.83, 0.29, 0.45],
[-0.84, 0.3, 0.43],
[-0.85, 0.28, 0.5]]
,
[[-0.85, 0.31, 0.4],
[-0.86, 0.3, 0.39],
[-0.89, 0.28, 0.41],
[-0.85, 0.36, 0.37],
[-0.81, 0.37, 0.28],
[-0.9, 0.61, 1.16],
[-1.27, -0.0, 1.38],
[-2.0, -0.7, 0.61],
[-1.36, 0.0, -0.08],
[-0.86, 0.8, -0.14],
[-0.84, 0.81, 0.23],
[-1.32, 0.88, 0.31],
[-1.32, 0.85, 0.85],
[-1.17, 0.27, 0.58],
[-1.31, 0.06, 0.24],
[-1.22, 0.04, 0.68],
[-0.91, 0.47, -0.09],
[-0.79, 0.37, 0.29],
[-0.76, 0.39, 0.45],
[-0.8, 0.27, 0.65],
[-0.82, 0.17, 0.59],
[-0.83, 0.19, 0.52],
[-0.83, 0.19, 0.54],
[-0.82, 0.19, 0.53],
[-0.83, 0.19, 0.53],
[-0.84, 0.18, 0.51],
[-0.85, 0.19, 0.48],
[-0.84, 0.18, 0.5],
[-0.85, 0.2, 0.47],
[-0.85, 0.21, 0.44],
[-0.88, 0.19, 0.5]]
,
[[-0.88, 0.3, 0.33],
[-0.88, 0.27, 0.39],
[-0.86, 0.34, 0.35],
[-0.83, 0.59, 0.36],
[-1.02, 0.56, 0.89],
[-1.33, 0.1, 0.96],
[-1.97, -0.49, 0.28],
[-1.75, 0.47, -0.13],
[-1.2, 1.11, -0.25],
[-0.7, 0.76, 0.46],
[-0.95, 0.69, 0.29],
[-1.37, 0.56, 0.23],
[-1.33, 0.83, 0.55],
[-1.13, 0.29, -0.01],
[-1.28, 0.05, -0.09],
[-1.22, 0.17, -0.01],
[-0.94, 0.79, -0.23],
[-0.84, 0.47, 0.17],
[-0.83, 0.5, 0.5],
[-0.86, 0.33, 0.39],
[-0.86, 0.37, 0.29],
[-0.89, 0.39, 0.21],
[-0.87, 0.41, 0.14],
[-0.91, 0.31, 0.31],
[-0.89, 0.36, 0.24],
[-0.89, 0.34, 0.21],
[-0.92, 0.34, 0.29],
[-0.9, 0.34, 0.27],
[-0.88, 0.36, 0.25],
[-0.89, 0.35, 0.27],
[-0.9, 0.34, 0.25]]
,
[[-0.91, 0.34, 0.21],
[-0.91, 0.35, 0.18],
[-0.9, 0.33, 0.2],
[-0.83, 0.4, 0.14],
[-0.74, 0.65, -0.04],
[-1.09, 1.05, 0.73],
[-1.66, -0.26, 0.93],
[-1.42, -0.2, 0.24],
[-1.5, -0.11, -0.13],
[-1.46, 0.2, -0.19],
[-1.12, 0.87, -0.27],
[-1.02, 1.05, 0.19],
[-1.46, 1.13, 0.54],
[-1.53, 0.68, 1.04],
[-1.32, 0.38, 0.26],
[-1.33, -0.19, -0.07],
[-1.14, 0.2, 0.46],
[-0.81, 0.67, 0.2],
[-0.79, 0.37, 0.09],
[-0.88, 0.37, 0.48],
[-0.88, 0.3, 0.31],
[-0.9, 0.26, 0.35],
[-0.94, 0.24, 0.34],
[-0.91, 0.25, 0.3],
[-0.9, 0.23, 0.35],
[-0.91, 0.24, 0.32],
[-0.9, 0.25, 0.29],
[-0.93, 0.23, 0.32],
[-0.93, 0.23, 0.3],
[-0.92, 0.23, 0.27],
[-0.93, 0.23, 0.32]]
,
[[-0.93, 0.25, 0.24],
[-0.93, 0.24, 0.25],
[-0.92, 0.25, 0.26],
[-0.93, 0.26, 0.21],
[-0.89, 0.3, 0.19],
[-0.96, 0.56, 0.2],
[-1.53, 0.34, 1.05],
[-1.64, -0.51, 0.4],
[-1.66, -0.44, -0.24],
[-1.52, 0.12, -0.12],
[-1.31, 0.56, -0.06],
[-0.76, 0.81, 0.32],
[-0.69, 0.48, 0.41],
[-0.94, 0.03, 0.22],
[-1.16, 0.95, 0.48],
[-0.95, 0.76, 0.78],
[-1.09, 0.49, 0.34],
[-1.11, 0.3, 0.17],
[-1.29, 2.0, 1.29],
[-0.99, 0.15, 0.27],
[-0.96, 0.35, 0.14],
[-0.86, 0.4, 0.17],
[-0.79, 0.34, 0.44],
[-0.87, 0.2, 0.49],
[-0.9, 0.13, 0.51],
[-0.89, 0.11, 0.43],
[-0.91, 0.12, 0.44],
[-0.9, 0.13, 0.43],
[-0.91, 0.11, 0.44],
[-0.92, 0.11, 0.4],
[-0.93, 0.1, 0.43]]
,
[[-0.94, 0.12, 0.31],
[-0.93, 0.11, 0.3],
[-0.94, 0.11, 0.34],
[-0.94, 0.12, 0.31],
[-0.93, 0.15, 0.3],
[-0.9, 0.15, 0.34],
[-0.97, 0.4, 1.04],
[-1.99, -1.48, 0.67],
[-1.63, 0.5, -0.13],
[-1.02, 0.77, -0.06],
[-0.55, 0.84, 0.33],
[-0.69, 0.14, 0.16],
[-0.96, 0.62, 0.04],
[-1.12, 0.58, 0.71],
[-1.17, 0.56, 0.69],
[-1.23, 0.34, 0.2],
[-1.11, 1.91, 0.37],
[-0.96, 0.17, 0.14],
[-1.01, 0.31, 0.32],
[-0.92, 0.35, 0.11],
[-0.81, 0.52, 0.33],
[-0.82, 0.35, 0.54],
[-0.89, 0.17, 0.59],
[-0.87, 0.13, 0.41],
[-0.9, 0.12, 0.4],
[-0.89, 0.13, 0.47],
[-0.91, 0.13, 0.43],
[-0.92, 0.12, 0.39],
[-0.92, 0.13, 0.38],
[-0.91, 0.15, 0.38],
[-0.91, 0.13, 0.38]]
,
[[-0.95, 0.16, 0.26],
[-0.96, 0.14, 0.28],
[-0.96, 0.15, 0.28],
[-0.94, 0.18, 0.25],
[-0.91, 0.19, 0.23],
[-0.81, 0.36, 0.39],
[-1.31, -0.19, 1.01],
[-1.9, -1.09, 0.21],
[-1.64, -0.33, -0.7],
[-1.23, 0.5, -0.01],
[-0.73, 0.66, 0.51],
[-0.65, 0.12, 0.59],
[-0.67, 0.39, 0.2],
[-1.33, 0.34, 0.66],
[-1.45, 0.05, 0.67],
[-1.21, 0.21, 0.1],
[-1.22, -0.08, -0.04],
[-1.04, 0.05, 0.21],
[-0.9, 0.17, 0.16],
[-0.92, 0.24, 0.01],
[-0.97, 0.44, 0.21],
[-0.99, 0.29, 0.34],
[-0.96, 0.17, 0.29],
[-0.98, 0.12, 0.33],
[-0.98, 0.07, 0.29],
[-0.95, 0.07, 0.24],
[-0.96, 0.09, 0.27],
[-0.96, 0.1, 0.25],
[-0.97, 0.11, 0.22],
[-0.96, 0.09, 0.24],
[-0.99, 0.1, 0.25]]
,
[[-0.88, 0.29, 0.22],
[-0.96, 0.26, 0.25],
[-0.97, 0.25, 0.25],
[-0.99, 0.17, 0.17],
[-0.93, 0.36, 0.24],
[-1.07, 0.26, 0.4],
[-1.8, -0.99, 0.41],
[-1.75, -0.21, -0.3],
[-1.1, 0.29, -0.18],
[-0.87, 0.3, 0.25],
[-0.76, 0.46, 0.39],
[-1.03, 0.13, 0.65],
[-1.45, -0.06, 1.19],
[-1.51, -0.34, 0.88],
[-1.17, 0.38, 0.26],
[-1.08, -0.05, 0.12],
[-1.04, 0.14, 0.16],
[-0.96, 0.18, 0.16],
[-0.92, 0.19, 0.12],
[-0.93, 0.31, 0.32],
[-0.98, 0.18, 0.48],
[-0.97, 0.04, 0.39],
[-0.96, -0.02, 0.3],
[-0.98, -0.04, 0.3],
[-0.96, -0.02, 0.3],
[-0.95, 0.04, 0.29],
[-0.94, 0.04, 0.3],
[-0.96, 0.06, 0.27],
[-0.97, 0.01, 0.3],
[-0.96, 0.04, 0.26],
[-0.96, 0.04, 0.26]]
,
[[-0.97, 0.13, 0.24],
[-0.96, 0.15, 0.23],
[-0.95, 0.13, 0.25],
[-0.96, 0.16, 0.23],
[-0.97, 0.14, 0.26],
[-0.95, 0.15, 0.23],
[-0.93, 0.28, 0.2],
[-0.9, 0.32, 0.06],
[-1.09, 0.41, 0.47],
[-1.6, -0.35, 1.11],
[-1.81, -0.44, -0.5],
[-1.08, 0.76, -0.62],
[-0.91, 0.75, -0.02],
[-0.77, 0.61, 0.05],
[-1.22, 0.9, -0.09],
[-1.24, 0.53, 0.35],
[-1.41, -0.29, 0.1],
[-1.37, -0.29, -0.47],
[-1.12, 0.43, -0.09],
[-0.93, 0.23, 0.22],
[-0.84, 0.43, -0.16],
[-1.03, 0.44, 0.36],
[-1.01, 0.29, 0.43],
[-0.96, 0.19, 0.26],
[-1.0, 0.04, 0.26],
[-0.94, 0.04, 0.23],
[-0.95, 0.08, 0.24],
[-0.97, 0.07, 0.25],
[-0.95, 0.08, 0.24],
[-0.96, 0.07, 0.25],
[-0.98, 0.06, 0.25]]
,
[[-0.92, 0.36, 0.03],
[-0.91, 0.36, 0.05],
[-0.89, 0.43, 0.07],
[-0.91, 0.4, 0.06],
[-0.93, 0.41, 0.04],
[-1.13, 0.61, 0.41],
[-1.61, -0.55, 0.95],
[-1.53, 0.09, -0.25],
[-1.29, 0.07, -0.7],
[-1.07, 0.7, -0.35],
[-0.91, 0.52, 0.37],
[-1.02, 0.47, -0.04],
[-1.16, 0.7, -0.14],
[-1.35, 0.16, 0.08],
[-1.33, 0.12, -0.19],
[-1.13, 0.53, 0.0],
[-1.23, 0.06, -0.32],
[-0.92, 0.66, 0.07],
[-0.95, 0.36, -0.12],
[-0.95, 0.32, 0.14],
[-0.92, 0.35, 0.3],
[-0.95, 0.14, 0.24],
[-0.99, 0.08, 0.26],
[-0.99, 0.08, 0.18],
[-0.96, 0.1, 0.17],
[-0.99, 0.06, 0.21],
[-0.96, 0.11, 0.17],
[-0.98, 0.12, 0.11],
[-1.0, 0.1, 0.16],
[-0.98, 0.12, 0.14],
[-0.97, 0.14, 0.14]]
,
[[-0.95, 0.2, 0.17],
[-0.95, 0.22, 0.13],
[-0.96, 0.23, 0.15],
[-0.96, 0.23, 0.13],
[-0.95, 0.26, 0.11],
[-0.93, 0.29, 0.12],
[-0.87, 0.51, 0.38],
[-1.44, -0.36, 0.94],
[-1.95, -0.87, -0.04],
[-1.36, 0.55, -0.53],
[-1.23, 0.52, -0.19],
[-0.94, 0.73, 0.24],
[-0.93, 0.89, 0.2],
[-1.4, 0.53, 0.8],
[-1.53, 0.19, 0.54],
[-1.44, 0.07, 0.11],
[-1.39, -0.14, -0.21],
[-1.02, 0.34, 0.01],
[-0.82, 0.49, 0.03],
[-0.89, 0.49, 0.49],
[-1.0, 0.2, 0.41],
[-0.97, 0.16, 0.32],
[-0.95, 0.15, 0.3],
[-0.96, 0.12, 0.27],
[-0.95, 0.12, 0.22],
[-0.95, 0.13, 0.24],
[-0.96, 0.12, 0.27],
[-0.96, 0.12, 0.26],
[-0.96, 0.15, 0.23],
[-0.96, 0.15, 0.2],
[-0.96, 0.15, 0.22]]]